Problem H:   23306 2611 2260  3104  493
Problem S:   26274 2561 2260  3062  501
Problem Z:   53468 2669 2260  3175  506
Problem C:   32754 2669 2260  3176  507
Problem W:  131718 2669 2260  3180  511
Problem I:    7582 2476 2260  2989  513
Problem K:   41280 2638 2260  3167  529
Problem N:    9486 2557 2260  3091  534
Problem P:  172306 2669 2260  3207  538
Problem D:   62226 2530 2260  3082  552
Problem X:   21874 2561 2260  3131  570
Problem Q:   68244 2561 2260  3142  581
Problem U:   68240 2638 2260  3226  588
Problem Y:    9768 2507 2260  3104  597
Problem T:   15060 2476 2260  3075  599
Problem G:   27174 2422 2260  3022  600
Problem F:   31628 2561 2260  3162  601
Problem O:   49648 2507 2260  3117  610
Problem V:   70232 2561 2260  3171  610
Problem L:  164410 2561 2260  3176  615
Problem R:  102066 2638 2260  3254  616
Problem J:   68350 2507 2260  3141  634
Problem M:   44372 2611 2260  3249  638
Problem B:   13786 2453 2260  3105  652
Problem A:   32710 2503 2260  3162  659
Problem E:   18580 2561 2260  3224  663
